Best averages per Run 

176418.0
138454.6
107155.8
117924.1
98010.5
117011.5
107470.6
116368.7
110254.0
114538.1
108858.3
105461.1
123024.7
109500.6
130565.3
132401.4
124208.6
117051.7
120942.7
123509.8
129185.8
124362.9
126931.9
130363.5
123489.5
132860.6
127941.0
134354.0
134732.0
130921.5
123789.4
128688.2
132911.2
127560.7
130173.0
133635.5
145072.4
143221.2
134548.4
139556.4
144117.9
139862.2
140456.6
143407.7
132817.7
149346.9
139827.8
145682.6
142503.0
145851.4
143632.6
143593.5
139211.4
139271.6
144661.0
139886.8
147768.8
151713.2
145144.8
146807.2
141179.6
141661.7
149587.9
150718.6
142836.0
157056.1
152380.0
132509.8
150289.7
135120.1
140987.4
148039.7
149560.8
147939.0
146172.7
150352.0
141322.6
140558.8
149419.5
148603.0
159195.7
149612.1
139754.7
152468.0
150420.8
136565.1
134146.5
149914.3
133695.2
142248.1
151592.4
142865.9
155466.7
156150.0
143634.7
150739.0
145985.6
137379.3
147163.7
139586.7
143754.1
156609.6
141611.2
162115.3
155320.3
142856.5
154628.9
138406.6
150737.0
155407.6
150111.0
150154.6
147499.8
155978.6
151686.5
162180.1
151367.6
149742.4
152692.1
155807.5
157663.0
149107.0
157902.8
152942.5
143951.6
148636.2
146022.4
158662.9
151622.5
156289.0
166382.0
155708.4
144830.0
146454.0
151587.4
155672.2
161221.1
163294.0
158268.6
154058.2
157614.6
160921.3
158023.4
159043.1
170053.5
162431.5
149736.5
149736.6
161003.2
157277.0
155060.1
151034.7
151491.4
158394.6
169345.0
161461.0
151467.5
164369.0
156365.2
167750.1
154534.8
160958.0
175432.8
160194.8
167541.0
158988.4
148840.9
156578.6
169810.6
167072.0
149228.7
158992.4
158671.1
155566.7
156701.4
155808.6
168814.1
164172.4
159290.0
161957.6
166086.8
151908.4
162261.8
162027.5
165605.3
157663.7
165462.3
158777.0
147388.6
158001.9
166983.2
156238.6
146563.7
167160.7
170944.4
167735.5
166397.3
155965.4
157477.4
160702.7

Average averages per Run 

176418.0
175229.592
172868.04
172651.325
172810.721
169605.805
168230.64800000002
168730.652
170280.01
172245.52200000003
167871.37
167966.956
169297.03
170565.41199999998
171141.11099999998
169886.82600000003
172163.48500000002
165800.084
165736.74700000003
168168.60299999997
168690.211
168716.139
165539.495
173673.07600000003
171798.678
169195.30899999998
165735.194
170852.48500000002
170221.674
173016.73500000002
166219.50900000002
166724.614
171449.851
165600.19199999998
168192.16600000003
167340.96099999998
176341.108
173603.77200000003
171501.38700000002
167454.13100000002
171368.391
172005.27300000002
172336.021
170727.815
175470.399
170091.049
166031.46099999998
175467.346
160191.992
171114.854
171408.37
169806.435
174265.002
170683.51799999998
170238.926
166620.14800000002
172045.214
167185.628
171201.79100000003
173425.37000000002
165988.029
163383.12600000002
167189.82
174043.331
161644.82899999997
177897.762
168801.79
155609.19700000001
175540.85700000002
165738.579
162338.757
168915.27
179833.479
167092.854
173959.22400000002
167645.443
160708.43600000002
170449.10300000003
170810.72
165027.86399999997
178955.863
172606.31
160904.18
170831.20500000002
166737.93199999997
169270.298
166908.958
165803.444
156325.229
159386.61000000002
174221.526
164876.68699999998
170001.49799999996
173858.445
172643.08800000002
165891.559
165983.266
164223.67400000003
162762.71
158992.912
168045.217
172899.513
165213.073
183259.79600000003
183770.53399999999
163964.61700000003
169595.91400000002
159233.258
172151.94199999998
172476.569
160664.937
168612.217
166467.751
178803.85199999998
165287.73799999998
175257.60700000002
161645.516
163127.39100000003
174828.498
165971.282
174458.776
177042.63199999998
169517.369
167965.361
167175.028
163018.426
160532.502
168508.031
170395.87299999996
171839.392
180225.41100000002
164749.999
168483.32600000003
166099.95300000004
170734.51799999998
165415.077
174759.245
174395.114
169442.013
164883.02399999998
177521.11
174123.915
168733.91000000003
173753.566
182102.551
171002.098
169056.99299999996
174986.73299999998
171988.979
168309.537
163460.637
163500.661
164611.44700000001
168791.24200000003
175745.72999999998
178463.049
174093.646
171361.72
165615.04400000002
177255.68300000002
168389.723
174026.79899999997
183881.647
168517.47699999998
180971.37500000003
167196.252
163004.676
167615.189
175136.38400000002
171734.539
160600.366
177131.81
170493.71600000001
165708.639
169171.95099999997
174897.026
179059.10799999998
176594.542
173165.55699999997
171381.594
173995.70899999997
159856.37099999998
167530.592
172808.92599999998
180036.796
167323.66999999998
172467.962
170509.455
162049.37800000003
171465.702
174815.866
163470.85
159684.677
176206.00900000002
176542.296
176001.029
171232.614
164864.00699999998
171734.279
167690.461

Std Dev averages per Run 

0.0
12396.027227252162
19320.50089621999
19952.308260754748
23650.433222339314
21729.914745149443
23146.124138524952
24317.80921289493
25040.400089913564
23379.204225313326
25287.54440899791
23895.494037302997
22166.799294687553
25656.26539916495
18556.2518936583
21444.78037503608
22259.60698634639
23477.68577618002
23548.760856580593
20822.54422506785
22166.356741855845
19773.570936193784
19437.27914788169
19147.764588979386
21991.05430910365
22861.96456989903
21717.725226183335
21333.698334740016
20801.65102408729
23388.076924380388
20992.620279249117
19763.866893883252
19065.563769170396
21791.74101898282
21043.15657757358
21932.580298268134
15763.318494379087
22192.508013621693
20712.330748470566
20651.486534839165
13841.346771075448
21601.180770058105
18191.392095337353
18764.539854716775
19830.29641014395
17599.821695228173
16465.40883829425
16516.648686937206
16035.644265101404
19039.562516115588
13381.000982892612
14992.15188629273
19479.771087038407
16146.151387406051
18918.633455588602
14200.74022021375
15475.933443186974
11775.4816300588
15950.48131039392
18328.62663514955
15770.403875266737
16164.96022871187
12666.297050421254
17379.388440585964
12298.742817458076
14488.105888999446
12949.529582226307
15386.808749639687
14071.22865021478
18014.646324015357
16740.952440948146
10991.092067925321
13988.995855362347
13009.212078827248
15509.426307570353
15125.223246942032
16354.964534481638
17585.0398566008
13349.233601887274
11493.950938637965
15081.819372250591
15122.644750509891
15908.888923558388
13676.942840426418
10088.035817474762
18004.516792211132
18299.087633227642
12377.556982109707
18775.42627436016
16338.974426676596
17076.476061891328
19172.153212282305
9731.176393790343
13997.332333842682
15106.805943206331
13417.649994530677
12679.791926920832
14177.276761027126
13755.72599520894
13113.69940771849
13209.876931422707
15376.299212878981
13272.653411673737
15314.035355638616
14280.318699079522
15195.97711025774
11971.836748923559
9808.993505572966
10704.466672198098
12375.20282036808
12047.177937230432
12697.071577599674
8641.715883584575
10288.389653258111
7434.676135143088
9820.22887520853
9632.801730611369
6997.725436422164
13618.270815307807
7673.302971461162
11760.932785909288
8930.960639949239
8306.777760324245
11370.721073248224
10839.990744342384
11885.435302773945
8838.215775727986
7801.402295018551
11783.866145813514
11464.321540057825
11462.446432257571
5733.79359423994
13720.25847906042
11793.49346361322
11054.196497492776
7143.837027111316
10355.204587846052
7030.515596071504
6235.591080393379
8871.673692443595
7778.8107415670065
9464.868986636331
7813.481922469919
8289.829478860944
6988.017066051679
7144.924168284762
7386.702093475562
11123.31913295326
9290.363385276816
9233.863287562976
10255.12616883258
13104.883904335324
8826.331099249473
11336.875040030998
5717.526974379584
9524.423733924992
14947.763072208389
6819.454922393152
11694.034950891426
6670.943880951624
9155.053351418557
11341.243722810605
6547.586445434461
5759.474119456501
6762.212902970746
8202.818135939033
9596.374474180826
9716.52173340799
5810.290391789676
4462.628698707188
10994.727123051589
9589.193706458627
10205.705491341922
8898.785649495981
8071.648791044182
14434.366881111153
7417.486180144505
7500.074973359566
8490.882712163542
8925.870130187848
8118.822724783839
9450.156876108598
5312.830479349342
7121.610902651975
10142.075203895452
9677.647643076305
7947.035843950876
9786.599851099654
11267.143788798256
12507.158533438447
8740.342268238881
6501.130239658006
13109.379964652171
10056.461891993695
7362.7195679677925
8750.25020929625
3987.189312373402
8435.11874616397
12566.877739021158
7479.4051678571395
